9645
125247646
99126464
9040641
23054528
147520872
127440225
46390038
60314509
48105155
9494745
64308187
130693054
94367980
70555734
67873580
63853734
34465871
102076335
118643370
111618922
120352090
136142607
48111318
129882651
71112423
57260764
83329163
115213554
43979779
68773238
126423927
74773350
128230807
126007676
126067243
41170891
112063288
118323588
116910714
127728161
81162824
106872081
70744241
35867922
64784514
80385870
130975113
74977491
62613059
84668607
122901436
52639486
56394231
68405337
104883591
123201204
100593500
112775332
135318581
64136447
144416067
67264060
18789734
96741023
103107071
79036486
65829797
98853909
96644793
92652297
136391686
149191081
116844295
144630509
67884692
105938722
86149306
125247646
88003149
61038174
108334560
81804447
127440225
46390038
145162768
115957831
156480091
51411098
142076815
60314509
45780506
55730357
115507608
151316389
60958801
64308187
57338919
42683795
147132418
69948735
157023018
111130868
74361066
17597270
10540990
94367980
120826468
124668503
102076335
156002752
97373003
2096952
118643370
52657327
55541884
156173786
115244504
129026647
133832199
111288061
142631881
51416661
35834229
124951967
131422633
129882651
64161493
57029157
125226950
72216553
78656438
119451213
57260764
60527076
35233989
130057225
83329163
18028261
115213554
113582258
160032146
82984575
29058233
104114667
44054828
100391255
80722398
68773238
83511444
58561356
63903890
69908020
6666966
55743844
11310553
68718386
117009383
17177040
128230807
71330906
126007676
151035671
74363160
112050546
112063288
73371526
106435813
1861443
1825069
118323588
141712529
117585629
16750627
70927920
127728161
127926617
114446944
47686676
71962679
129895675
76947888
121863649
149073146
97136165
113292184
125095191
106872081
47484656
150385722
131383617
134087077
80385870
48553340
122695575
103875665
149160631
130975113
56427937
74977491
111723780
92807477
126590496
20333336
75918953
3244162
10681780
930674
102427118
124320273
76328722
129847418
48677115
4595700
125802509
120315127
57494364
69185504
100194389
86964438
114520978
88511118
68776466
43375873
74643701
67198726
96491622
55981072
104883591
67329785
141416785
27407568
95191272
112775332
29688142
146893476
103739602
130743343
117979769
88025897
117376038
45395507
77547683
67264060
86963336
154176615
23424457
147211836
100271775
79036486
57106573
106249998
125616006
103387216
153359470
43207411
72261789
65165926
63080712
73443318
131003486
92652297
131364263
100390423
71243376
41331115
136391686
89636143
40972688
156164842
127636532
112555557
102206503
90349569
41240374
74314700
43350323
23846271
147101063
157545103
6365467
140397979
35117347
106673592
97486142
97322267
86044990
134087804
125960770
55378018
156689217
155241200
114233844
33263704
85414949
128111626
148907861
119561847
157319021
137741580
142444693
160875153
9040641
23054528
60314509
55730357
9494745
49679986
64308187
57338919
42683795
57602805
9645
118536418
70555734
67873580
71973052
44523701
63853734
102434853
118643370
62504713
120352090
18680302
47484970
49679969
64161493
55160441
83329163
49064093
58561356
49189735
63495753
17177040
45603945
49058044
81162824
76947888
38812480
67989720
28585841
66159870
64784514
51099867
74977491
59263352
34606766
62108655
84668607
102883546
71692657
77723273
58851040
56394231
100194389
32185324
59694021
65847769
135318581
144416067
18789734
79036486
57256987
43207411
2939239
86776509
14717421
90349569
46998322
123400772
45823814
67057099
44352739
1174233
67884692
40801137
48410284
86149306
117103459
125247646
88003149
120744750
46390038
115957831
60314509
100209243
107357354
9494745
60958801
64308187
42683795
147132418
111130868
10540990
118536418
94367980
70555734
67873580
120826468
63853734
124668503
102434853
118643370
154127631
111618922
124951967
131422633
129882651
64161493
125226950
130057225
53289227
83329163
115213554
82984575
68773238
83511444
126423927
117009383
74773350
59418003
126007676
112050546
112063288
148744000
73371526
106435813
118323588
116910714
127728161
127926617
114446944
113292184
134352648
106872081
150385722
131383617
134087077
64784514
80385870
122695575
149160631
74977491
145456512
92807477
84668607
74046493
122901436
124320273
102883546
129847418
112443863
71692657
125802509
123146894
120315127
56394231
69185504
100194389
100768682
67285171
105509150
104883591
123201204
100593500
59694021
95191272
135318581
54742370
103739602
25752397
130743343
117979769
1470
120849187
144416067
67264060
96810746
74926982
155264788
96741023
103107071
106249998
87554337
98853909
43207411
65165926
131003486
159700045
92652297
118268634
136391686
89636143
95023595
156164842
109347082
127636532
106275660
150106793
50732726
133565655
30178529
134087804
62874090
137365646
40801137
114233844
128111626
157319021
128769133
79943971
48410284
142444693
9040641
38551860
88003149
23054528
52957422
41773522
60314509
55730357
102802546
60958801
45313145
57338919
109983314
42683795
57602805
147132418
69948735
33375940
9645
47686243
142460746
94367980
67873580
120826468
71973052
63853734
34465871
76186278
118643370
25112852
115244504
48111318
129882651
28881350
57260764
60527076
35233989
55160441
29058233
100391255
73406572
63495753
73407442
74363160
49058044
116910714
72835992
28585841
134087077
62613059
84668607
124320273
58851040
57494364
100593500
59694021
135318581
78251622
144416067
67264060
66398881
96741023
79036486
57106573
110346925
73443318
92652297
131364263
59940874
109347082
127636532
46998322
123400772
52970081
58479719
110346891
54881042
137365646
110346887
110254438
110254575
58786335
41821149
60314509
57602805
94367980
44523701
34465871
62504713
120352090
51416661
17870552
48111318
53289227
18028261
29058233
73371526
106872081
70744241
51099867
84668607
3244162
74046493
59496880
62067393
1470
48376666
63914031
50592328
12874329
14717421
90349569
46998322
108591752
7921572
67884692
54881042
51411098
42683795
157023018
120826468
48111318
131422633
68773238
80385870
100391041
57494364
104012302
130743343
96810746
125616006
98853909
65165926
118268634
9040641
38551860
88003149
23054528
46390038
52957422
156480091
41773522
142076815
60314509
48105155
49679986
64308187
57338919
42683795
147132418
33375940
118536418
94367980
120826468
34465871
160691167
118643370
25112852
129026647
154127631
47484970
48111318
124951967
131422633
129882651
130057225
82984575
104114667
39476421
68773238
99440566
117009383
128230807
59418003
41170891
106435813
118323588
127728161
127926617
97136165
45408582
131383617
134087077
64784514
80385870
122695575
149160631
130975113
92807477
84668607
122901436
124320273
102883546
125802509
100391041
114520978
48532905
156158160
100593500
664436
54742370
103739602
71723857
63088525
100390124
147211836
96741023
125616006
65165926
92652297
118268634
129372495
102206503
123400772
116398345
108591752
67057099
80673484
157203363
48410284
151201731
86149306
9040641
111999926
120744750
115957831
52957422
100209243
147132418
111130868
118536418
118643370
115244504
64161493
125226950
82984575
55743844
117009383
74363160
127728161
134087077
51099867
122695575
8351475
34606766
92807477
75918953
3244162
122901436
126529
120315127
120849187
144416067
63088525
79036486
125616006
71243376
134087804
9040641
46390038
60314509
9645
47686243
10540990
94367980
120352090
129882651
71112423
43979779
104114667
126423927
17177040
74363160
106435813
118323588
16750627
47686676
106872081
47484656
35867922
62613059
20333336
84668607
54475913
74046493
152462571
77723273
58851040
100194389
68776466
104883591
123201204
67329785
664436
64136447
45395507
144416067
96741023
79036486
106249998
43207411
131003486
96644793
106275660
90349569
50732726
106673592
58479719
97486142
147132418
152462571
105938722
38551860
88003149
115957831
52957422
51411098
48105155
55730357
9494745
49679986
33099
60958801
45313145
57602805
69948735
74361066
17597270
10540990
63453761
76188898
142460746
118536418
94367980
70555734
120826468
63853734
31600594
2096952
64866375
154127631
120352090
51416661
48111318
129882651
28881350
34030913
72216553
35233989
35948355
83329163
113582258
39476421
80722398
58359674
60738975
126423927
49189735
68718386
59418003
112063288
106435813
127728161
127926617106872081
122695575
149160631
74977491
62613059
84668607
3244162
57426118
152462571
71692657
125802509
77723273
123146894
69185504
100768682
130743343
64136447
144416067
100390124
96741023
98853909
43207411
100391916
89636143
46258563
123400772
43853517
97486142
80673484
133565655
55914558
44054828
49058044
61038174
108334560
46390038
41773522
60314509
49679986
115507608
60958801
45313145
57338919
42683795
57602805
33375940
63453761
2096952
111618922
49658306
18680302
109863351
83511444
73407442
112063288
81162824
76947888
77525041
64784514
80385870
92807477
57426118
124320273
112443863
92878793
54742370
115608022
46101180
66644253
109347082
90349569
100656058
58786335
88003149
147132418
84668607
59694021
48410284
46390038
126423927
118323588
84668607
152462571
144416067
65165926
123400772
48410284
60314509
129882651
127926617
84668607
59496880
59694021
144416067
96741023
65165926
92652297
123400772
150106793
157203363
48410284
38551860
88003149
42683795
147132418
118643370
129882651
109863351
57260764
162401236
128497305
113292184
71437124
84668607
3244162
152462571
58851040
59694021
115608022
35767294
144416067
96741023
123400772
140397979
48410284
9040641
88003149
61038174
115957831
41773522
60958801
64308187
57338919
42683795
74361066
63453761
118536418
120826468
71973052
118643370
2096952
49658306
76691052
49679969
129882651
71112423
57260764
55160441
35948355
25475596
80722398
67639109
83511444
28291499
126423927
68718386
73407442
112063288
116910714
76947888
71437124
64784514
74977491
111723780
34606766
116156163
84668607
124320273
71692657
77723273
58851040
96491622
59694021
78251622
96810746
119136761
70810963
96741023
87554337
43207411
96644793
109347082
102206503
59068183
116398345
108591752
63040857
110346891
129177350
54881042
40801137
143042854
9040641
38551860
147132418
52717330
79988366
47686676
67989720
45663267
48532905
92878793
144416067
94886445
38551860
88003149
23054528
61038174
120744750
52957422
41773522
142076815
60314509
55730357
24446634
9494745
60958801
64308187
42683795
147132418
69948735
74361066
9645
76188898
118536418
94367980
70555734
67873580
120826468
63853734
124668503
102434853
76186278
118643370
52657327
64866375
154127631
111618922
49658306
48111318
124951967
131422633
129882651
109863351
34030913
31629499
35948355
83329163
18028261
115213554
128497305
104114667
49064093
100391255
80722398
68773238
67639109
76188200
99440566
68718386
117009383
126007676
20308008
41170891
112063288
148744000
73371526
118323588
34565378
49058044
70927920
127728161
47686676
71962679
48531141
106872081
150385722
115658292
28585841
134087077
48553340
122695575
149160631
74977491
116156163
62108655
124320273
52639486
129847418
71692657
125802509
120315127
104883591
92878793
135318581
32735106
103739602
25752397
130743343
117979769
77547683
82609081
119136761
96741023
65329608
57256987
87554337
110346969
43207411
131003486
59940874
118268634
136391686
109347082
150106793
76154106
149191081
79633710
63770790
129177350
133565655
83442727
134087804
40801137
128111626
128769133
48410284
74977491
82609081
87554337
92652297
118268634
80673484
60958801
94367980
60527076
83511444
65165926
64308187
70744241
34606766
9040641
9645
118643370
120352090
84668607
135318581
116398345
48410284
126067243
71437124
35867922
28585841
66159870
64784514
122695575
62613059
84668607
122901436
102883546
107817057
112443863
123146894
69185504
100194389
59694021
54742370
71723857
64136447
144416067
67264060
96741023
87554337
109347082
90349569
75252582
50732726
106673592
58479719
48410284
81804447
42683795
67873580
120826468
71973052
31629499
60738975
74363160
100391041
78251622
144416067
63088525
96741023
109347082
108591752
125960770
46390038
142076815
60314509
107357354
147132418
157092278
10540990
142460746
118536418
70555734
118643370
154127631
120352090
113559400
129882651
115213554
160032146
126423927
126007676
112063288
106435813
118323588
127926617
72835992
134352648
106872081
38812480
131383617
134087077
122695575
149160631
145456512
125802509
120315127
104883591
123201204
59694021
95191272
130743343
117979769
64136447
144416067
133045320
155264788
50592328
12874329
149191081
30178529
157319021
159170818
125247646
9040641
88003149
60314509
130693054
109983314
147132418
33375940
157092278
9645
142460746
118536418
70555734
120826468
34465871
102434853
118643370
120352090
24091772
129882651
109863351
57029157
130057225
83329163
115213554
128497305
104114667
83511444
126423927
126067243
116910714
134352648
80385870
62613059
84668607
124320273
120315127
58851040
69185504
104883591
100593500
59694021
95191272
135318581
25752397
130743343
144416067
54911259
96810746
63088525
119136761
96741023
87554337
92652297
118268634
129372495
109347082
116398345
149191081
79633710
63770790
140397979
97486142
129177350
128111626
99634880
48410284
155207068
125247646
9040641
60314509
147132418
111130868
9645
76188898
118643370
117711644
35233989
72866529
83329163
115213554
126423927
127728161
79988366
162457346
73245681
80385870
145456512
34606766
84668607
125802509
123146894
48532905
156158160
92878793
59694021
54742370
144416067
66644253
96741023
118268634
88533605
123400772
108591752
150106793
58479719
94886445
48410284
105938722
125247646
9040641
38551860
88003149
23054528
61038174
46390038
145162768
115957831
52957422
41773522
60314509
48105155
55730357
9494745
49679986
64308187
45313145
57338919
42683795
57602805
147132418
69948735
111130868
17597270
9645
10540990
63453761
76188898
118536418
94367980
70555734
67873580
120826468
44523701
34465871
118643370
52657327
115244504
62504713
49658306
120352090
24091772
18680302
47484970
124951967
49679969
129882651
28881350
109863351
31629499
125226950
72216553
71112423
57260764
45316093
60527076
55160441
35948355
83329163
113582258
128497305
82984575
104114667
44054828
49064093
50086809
100391255
80722398
68773238
67639109
58359674
2026
58561356
71932658
47484812
73406572
126423927
49189735
43237732
69908020
63495753
11310553
74773350
17177040
71330906
126007676
126067243
73407442
45603945
41170891
74363160
112063288
106435813
118323588
34565378
49058044
116910714
70927920
127728161
127926617
72835992
71962679
48531141
76947888
100390584
106872081
47484656
67989720
73245681
35867922
28585841
134087077
48553340
122695575
8351475
145456512
111723780
116156163
78391821
62613059
20333336
84668607
74046493
122901436
49065928
57426118
107817057
77230180
152462571
125802509
123146894
120315127
56394231
57494364
100194389
62067393
100768682
123201204
100593500
59694021
135318581
54742370
130743343
117979769
71723857
117376038
67264060
74926982
46101180
100390124
109431192
70810963
96741023
103107071
72611915
79036486
65829797
106249998
98853909
72261789
73443318
119889204
131003486
96644793
44349308
92652297
118268634
86776509
89636143
156164842
109347082
106275660
46998322
116398345
75252582
57848529
52970081
50666353
97486142
110346891
144630509
133565655
67884692
83442727
54881042
114233844
128111626
