68221789
21258485
28233296
31554611
37140953
43742903
46688326
51301689
58616727
59840744
60751029
60804744
61467728
64006652
65484616
69903206
72569466
78720942
87172323
98126978
128932034
90297478
26222098
16824047
64033486
24117813
30086880
49056314
37140977
75692928
86529522
50314780
46583541
40218493
72199240
28129783
32422548
104237982
15829245
76791337
44729829
4093705
38164741
79875671
58777372
47
91683885
59270032
68393930
43691117
37140953
53417326
63234703
36404750
22220341
49680000
116406153
42933269
42216800
31412003
96355459
6588892
35807284
50939110
53258521
53967209
55795183
45281421
45259519
118252305
54014337
34190052
45407543
30207899
59684246
26724287
4252164
49128190
23168410
13376880
71223277
63718273
35579519
35325859
88397640
41093434
53106170
33815405
29809500
63303836
43046770
14568263
71953754
29345042
60558893
115426434
47075317
26352647
101610168
35001375
50931944
103446424
56949033
38806371
76914461
45382092
43707555
58910369
15624059
72195300
56028029
35673445
23459697
59069245
41940805
232389
131053344
53440308
46688326
56938927
119232167
58781724
117611622
1622824
40528520
16049655
43234662
50672889
38925974
84317814
80817551
55705670
52045040
109115018
57661052
128932034
40177892
98126978
43278477
64006652
58616727
111230293
17685008
95790186
30936462
36156673
71130036
38057684
72569466
44001623
80418559
69807427
88674838
60804744
132626663
28651843
95124217
119579706
68873172
962580
40607937
44055899
38378240
71652659
47574217
36574808
111805467
88456672
26020797
43848576
35330540
55127827
42927856
90020766
33291210
41480332
30397765
45280055
79842061
45949789
32129904
58955139
73128352
29058244
75143315
57300519
71650593
39366809
97786537
81172789
72741510
66643130
72542248
60751029
67853103
36560815
87955601
100588734
35083378
64030584
49130431
123222652
49709154
56334177
118756175
53423342
114886901
37341971
71615847
70164301
58963516
33065567
15555188
132764927
82476625
97300729
45169026
33183505
92872658
148784934
91370861
76890011
67647780
88623200
65098753
82372908
49714284
61710434
11366561
103748480
48403989
133535587
78720942
76316886
42371539
122081625
38942060
110586073
108948515
54365109
95517640
74088450
86835117
33963489
84839599
105182525
3965808
55876425
25896095
76779291
43284135
84760363
104156830
49165886
65484616
61849398
48530517
65599692
63223503
88657588
43976734
87172323
94938055
68928938
54680566
117458512
65781900
80267978
68221789
123028582
139965836
100358623
87368336
110111474
22220341
45713238
144592
65113938
150130944
117399268
50092472
72759193
50843977
84425236
156179189
142921915
57288467
117292478
38328058
57453724
72195300
100892059
149134422
127759680
46688326
45009878
132364112
117611622
40528520
107281087
130224099
50672889
108998142
127518015
40177892
64006652
58616727
127473798
72869892
84413088
56654184
119579706
90020766
124487573
130694224
124546430
128135550
57300519
81172789
70873849
83312163
72542248
153095176
49709154
118756175
21916627
51707801
123961311
144155830
126355424
135480450
43595054
127888958
91370861
75510178
93776129
103748480
23016084
98958455
56550258
45074508
115711952
102589495
132740297
101088482
101785535
134982584
74949300
77154943
66468312
151957105
72360801
67030244
56604001
80683600
43742903
91915904
65781900
127883319
131192896
157187681
157516431
115752755
4093705
49680000
42216800
6588892
50939110
53967209
13376880
27900081
50092472
58910369
57453724
72195300
48559922
96229398
59069245
131053344
55832669
117611622
50672889
57661052
20333313
77085799
95790186
71130036
88674838
60804744
95124217
36574808
33524537
30397765
38063950
24886689
130631672
70873849
137737238
130798619
87955601
100588734
113656837
54347283
56334177
118756175
5826399
48747096
110284407
97300729
124839406
33183505
107603347
45859418
76890011
121532456
65098753
48303698
56906587
93945766
115711952
54365109
40460376
37259327
43284135
84760363
61849398
68452986
113001534
94938055
72314510
91915904
115752755
43339080
116406153
116181796
150130944
117399268
101610168
57453724
72195300
110430668
96229398
119657574
149134422
131053344
117611622
82714792
130224099
109115018
136654525
95790186
71130036
38057684
88674838
56654184
156724823
119579706
104880838
71652659
111805467
90020766
124487573
130694224
24886689
29058244
130631672
97786537
128220867
137737238
83312163
113656837
123222652
84561975
132534047
118756175
51707801
123961311
124017158
110284407
43595054
66762135
127888958
124839406
107603347
91370861
121532456
113198075
130318280
127600412
98958455
133188930
120178238
74088450
105182525
74949300
77154943
84760363
151957105
88657588
113001534
72314510
82743783
91915904
139965836
136457301
115752755
23553134
31920990
24426108
34422067
100419172
69347719
38436537
40218493
110406504
140927803
46813166
76791337
59249935
10537686
44729829
4093705
49033185
112796285
46252034
29842742
46523975
43517580
37140953
28870275
22220341
132178910
49680000
2286932
47256091
133076456
42216800
6588892
35807284
131301287
50939110
30315369
53967209
63273
76470207
67603066
24881486
75419495
26552876
26724287
136474608
36982922
43232168
78731112
34732382
49128190
5910601
138205839
93816930
71223277
68347204
114537164
48997282
83075547
44745064
114185163
61343704
55155418
46337218
71953754
29345042
123757431
18740668
101610168
68420747
142921915
28402905
43135361
117292478
43135804
58910369
15011802
45201649
72195300
138192678
119657574
119509825
70226354
23459697
72037393
131053344
112230375
150744997
46688326
34410764
77221864
117611622
119536648
50672889
79051274
139886499
52045040
109115018
127518015
128932034
40177892
23328324
76673117
98126978
69903206
64006652
58616727
95790186
29290148
71130036
71414712
72569466
60804744
119579706
68873172
99221959
1429820
27676423
71652659
47574217
130914885
78387512
151442036
59102433
42896414
143878603
22994530
30397765
29058244
57300519
129837729
71650593
55591070
25366452
37498352
81172789
72741510
70873849
75641514
94354092
54564934
105742269
137737238
66643130
72542248
60751029
64941992
67853103
36560815
87955601
46576367
56334177
144155830
70164301
110284407
122784028
150140679
38743236
82476625
91370861
76890011
88623200
101864754
113198075
36461274
49714284
119838496
82659873
58944011
134449726
48403989
48303698
124833532
78720942
133188930
42371539
62670531
122081625
54365109
64761072
46211765
76779291
353324
7837366
49165886
65484616
32258833
67030244
87172323
94938055
43742903
117458512
120131643
91915904
80267978
68221789
126940881
115752755
27900081
101610168
56959305
72195300
131053344
50672889
77085799
95790186
71130036
88674838
354315
58955139
130631672
97786537
128220867
70873849
137737238
72542248
113656837
56334177
110284407
51153302
61710434
103748480
68452986
88657588
72314510
117458512
119579706
68873172
88456672
97786537
128220867
90297478
68410898
40218493
42954445
76791337
132909030
33022996
30126658
4093705
46523975
141409293
131247378
35807284
50939110
53967209
9421441
42569044
71223277
82491676
33815405
71953754
95784420
115426434
101610168
41946623
38806371
35862441
135678176
116245074
15011802
96229398
119657574
119509825
128461412
116395634
36354121
46688326
119232167
117611622
40549849
51416622
63496070
43234662
130224099
50672889
55705670
109115018
40177892
76673117
108667746
98126978
136654525
69903206
58616727
64881902
95790186
40090455
72569466
84413088
63951818
60804744
95124217
119579706
104880838
68873172
83460959
27676423
47574217
36574808
130914885
111805467
78387512
88456672
74339505
90020766
124487573
99865819
82404322
32129904
58955139
1835300
29058244
16964343
57300519
69836891
71650593
44651315
81172789
72741510
128220867
70873849
137737238
83312163
66643130
72542248
60751029
67853103
36560815
104039955
123425136
70064223
3940674
136381748
113656837
123222652
56334177
84561975
132534047
21916627
136824838
28697558
70164301
150140679
82476625
72113658
23431427
45169026
127888958
124839406
91370861
76890011
121532456
88623200
101864754
75510178
65098753
119838496
48403989
78720942
127600412
98958455
131638116
133188930
76316886
42371539
145421507
122081625
115711952
120178238
102589495
110586073
54365109
95517640
33963489
84839599
134982584
77154943
65484616
48530517
151957105
67030244
87172323
54680566
117458512
80267978
68221789
123028582
136457301
45713238
44903318
23138673
15011802
72195300
131053344
50672889
10839812
71130036
104880838
47574217
78354614
124487573
130631672
97786537
128220867
70873849
137737238
100588734
63072437
110284407
127888958
124839406
107603347
61710434
93945766
38942060
132740297
61849398
115752755
34422067
26515433
41226912
50939110
53967209
40150367
71223277
114537164
101610168
58910369
57453724
35828815
72195300
48559922
96229398
76456136
131053344
117611622
40549849
50672889
57661052
128932034
77085799
51061111
95790186
50302918
71130036
59783799
73362
72869892
88674838
60804744
119579706
104880838
68873172
36574808
52408213
111805467
124487573
97786537
72741510
128220867
70873849
87955601
46559423
113656837
132534047
70164301
110284407
82476625
97300729
127888958
92872658
67647780
133118623
72254666
61710434
103748480
127600412
62670531
88865177
38942060
110586073
74088450
32683875
50516127
84760363
80720094
11068228
63223503
151957105
72314510
91915904
131053344
29058244
137737238
26222098
76791337
35807284
50939110
30607439
81729642
42569044
27900081
33815405
50092472
43901391
47201267
101610168
38806371
56959305
57453724
48559922
131053344
46688326
58781724
130224099
50672889
57661052
95790186
55009017
56654184
95124217
119579706
68873172
41912704
90020766
58955139
97786537
81172789
70873849
137737238
64941992
36560815
87955601
46559423
54347283
84561975
51707801
110284407
97300729
51153302
127888958
107603347
91370861
67647780
65098753
119838496
133535587
56906587
76316886
38942060
33963489
113001534
94938055
72314510
91915904
68221789
139965836
90297478
47295560
4093705
59270032
46523975
72514022
2286932
50939110
63273
46927363
23168410
110682796
33815405
100175137
115426434
46745051
135678176
58910369
56028029
119657574
119509825
46688326
71441191
50672889
128932034
98126978
37460919
60804744
83460959
36574808
148405962
129837729
67853103
70448805
48006249
74417
15263599
111805467
3940674
116181796
96229398
109115018
38057684
102387237
88674838
111805467
88456672
24886689
29384413
87955601
100588734
93777723
123222652
39374167
118756175
127888958
61710434
103748480
48403989
46032508
54365109
86835117
88657588
94938055
72314510
91915904
123164638
67603066
104600232
101610168
103446424
3826223
72195300
131053344
117611622
95790186
119579706
128220867
70873849
137737238
66643130
119026442
130798619
110284407
127888958
107603347
76890011
133188930
84839599
65484616
63223503
88657588
72314510
136457301
115752755
77051666
101610168
72195300
96229398
119657574
131053344
117611622
88674838
104880838
111805467
88456672
87172081
97786537
100588734
113656837
132534047
97300729
127888958
124839406
107603347
121532456
113198075
119838496
133535587
93945766
127600412
133188930
37259327
74949300
77154943
88657588
139965836
136457301
40177892
115752755
39645210
4569
85640854
2064137
2286932
103083994
131301287
50939110
53258521
104530684
1946517
79863581
40150367
109451237
31621667
27655043
129915423
50092472
113292812
101610168
18255722
76914461
34748216
90818758
47039157
60793667
72195300
56028029
119657574
76456136
73595075
131053344
117611622
96827552
88674838
67860517
119579706
104880838
68873172
138993550
78387512
88456672
90020766
34542655
130631672
29384413
97786537
128220867
70873849
137737238
130798619
100588734
139653847
113656837
84561975
22041019
124017158
110065093
110284407
97300729
20366771
127888958
91370861
113198075
119838496
127600412
133188930
122081625
46032508
49165886
65599692
63223503
88657588
94938055
72314510
139965836
115752755
77051666
34422067
56263398
100419172
68784978
50314780
103132528
9944999
98906766
82710420
73319310
4093705
69578534
74417
84440824
90231608
123164638
31971565
42216800
103874393
46232553
53258521
31377834
116272634
17745174
1946517
52087668
81729642
36982922
21354
93816930
131607049
71223277
107103361
63718273
59516005
53281593
57264269
94489007
35325859
88397640
67883186
48657183
83075547
2070309
33815405
114185163
41869258
41403156
115902427
71953754
113292812
115426434
96371941
55522367
39723806
103446424
35862441
45382092
34748216
90180077
43707555
106761812
58910369
56961152
47039157
98183232
145610039
72195300
73461984
31592778
119657574
157004849
76456136
138314746
23984425
104871743
131053344
124088790
44760286
46688326
77108610
119232167
121785617
117611622
122824082
43234662
122159973
128932034
40177892
30250441
108667746
79555295
69903206
20017659
64881902
95790186
37492055
71414712
77764888
113186681
72569466
121784201
74868793
88674838
103216169
95124217
119579706
104880838
68873172
99221959
962580
137442634
92348145
132242127
78477550
119023784
123060700
130914885
89842793
143878603
55127827
28995605
90020766
134779912
71784216
135783548
30968813
44497275
55177953
87172081
108232018
71650593
26230188
31920686
81172789
128220867
2089898
70873849
137737238
83312163
60751029
27000745
67829766
67894654
72626862
86108975
56334177
31134668
143438886
67652995
94231179
28697558
45958218
136554034
110284407
82476625
97300729
106154870
98539972
92872658
154583245
76890011
88623200
63286166
31670563
113198075
65098753
111758492
119838496
67320862
133535587
54242213
133188930
122081625
101785535
32825194
124438599
152116137
109305411
140055473
76779291
80720094
118964495
72314510
117458512
134974632
91915904
97822240
130238653
33489538
34422067
22220341
6588892
35807284
142365571
135056306
71223277
83075547
33815405
43853415
119758287
71953754
115426434
101610168
35001375
148278045
110430668
119657574
146026608
131053344
46688326
117611622
50672889
109115018
40177892
98126978
136654525
95790186
40090455
119579706
104880838
68873172
130914885
111805467
78387512
88456672
124487573
117139093
58955139
130631672
98791832
71650593
55591070
97786537
128220867
43804943
66643130
87955601
5087192
113656837
123222652
132534047
110284407
82476625
97300729
127888958
124839406
80718848
121532456
119838496
103748480
48403989
23016084
133188930
42371539
54365109
72314510
123028582
101610168
72195300
76456136
77085799
88674838
104880838
128220867
70873849
44680693
110284407
121532456
120178238
84839599
72314510
91915904
26578488
32268250
50314780
18284075
46583541
55526638
110406504
82710420
47209885
4093705
27376465
69578534
74417
110111474
84440824
48978833
35055247
132178910
30767446
35807284
53967209
26163284
34190052
14879978
10965324
34220506
45172096
71223277
33918856
41741043
24911488
143105718
29691388
62404115
14114
23438312
43046770
97332219
35816020
24105430
4529580
67473171
46511337
115426434
48641751
117292478
23185354
135678176
72195300
68473814
119657574
80797771
59069245
36354121
46688326
5316256
117611622
43234662
31077591
109115018
57661052
46641096
22748357
98126978
58616727
20017659
71130036
122037730
152909367
26298361
35029043
30145860
61349525
95124217
119579706
68873172
71652659
47574217
45469767
78354614
56036952
130914885
16120134
88456672
35897987
42927856
90020766
124487573
45280055
11779447
29058244
13208091
29384413
29120137
72741510
70873849
43804943
83312163
46559423
32211876
123222652
56334177
24807991
123961311
143106116
30627070
110284407
5746606
43595054
51153302
21125731
127888958
92872658
67647780
88623200
23484657
130318280
65098753
119838496
24150882
103748480
42570340
26486
76316886
42371539
163980
115711952
64761072
86835117
223841
44263705
33963489
140055473
105182525
77154943
65484616
53757854
61849398
88657588
94938055
91915904
46688326
98126978
60751029
132534047
82476625
130318280
75510178
122081625
92508145
27900081
101610168
56959305
96229398
131053344
88674838
24886689
130631672
97786537
72542248
87955601
100588734
61710434
103748480
133535587
76316886
76779291
72314510
136457301
115752755
72195300
117611622
58616727
95790186
71130036
119579706
128220867
70873849
137737238
118756175
124017158
110284407
97300729
107603347
121532456
133188930
94938055
139965836
27041765
32708863
126093223
38871455
33489538
7737763
54154078
41554252
23279823
28317077
67937582
34612773
35783148
36912942
53113281
52506736
33798093
79875671
65255601
36404750
49680000
49064451
116406153
44431169
40306539
41813774
43928336
24881486
40187253
38000382
53464567
40150367
32776206
75719907
38000555
49128190
45935294
40055244
62451208
112488985
34523318
45118420
67340056
35579519
111205860
44053838
37618720
26978036
29461256
55667767
60302301
31083594
75354148
101521532
41859371
66416437
63661979
30680798
23459697
121700056
108138809
43234662
57974849
48500818
49273274
2187048
77085799
42259810
73483530
73362
72569466
24295808
84413088
74235722
36465612
41454884
55743914
104880838
68873172
44055899
92348145
36851569
36574808
130914885
52408213
26020797
35330540
30397765
28755175
50222714
41343941
11779447
24886689
117306340
130631672
71650593
97786537
81172789
128220867
25003531
70873849
66643130
60751029
73918134
36560815
87955601
79458616
70448805
56334177
33191158
27672722
70164301
34953427
110284407
82476625
97300729
26043963
41461004
49573639
91370861
19200573
88623200
65098753
45315118
103748480
48403989
78720942
93945766
76316886
42371539
145421507
40101151
115711952
38316616
30633249
102589495
110586073
108948515
54365109
95517640
65567512
115896942
37923816
61849398
48530517
68452986
92508145
88657588
87172323
94938055
69837487
72314510
54680566
91915904
80267978
68221789
111805467
29384413
101610168
72195300
44760286
46688326
117611622
109115018
95124217
119579706
104880838
68873172
45777592
29058244
97786537
81172789
128220867
66643130
73606406
127888958
113198075
103748480
76316886
86835117
112570
74949300
77154943
88657588
94938055
117458512
91915904
80267978
68221789
101610168
117611622
95790186
137737238
123222652
110284407
97300729
127888958
124839406
133535587
93945766
127600412
133188930
113001534
94938055
139965836
115752755
130897668
48990018
122196067
37140953
49680000
45713238
131247378
50939110
102884967
96812714
159439444
36982922
93816930
71223277
49001679
33815405
71953754
115426434
101610168
156179189
66416437
93808317
72195300
96229398
119657574
97836961
131053344
46688326
132299856
117611622
130224099
109115018
40177892
98126978
77085799
58616727
64881902
95790186
71130036
88674838
35029043
95124217
119579706
104880838
68873172
130914885
111805467
78387512
88456672
90020766
124487573
30397765
58955139
29058244
130631672
29384413
97786537
81172789
128220867
70873849
137737238
66643130
60751029
36560815
130798619
87955601
100588734
25876180
113656837
93777723
123222652
84561975
132534047
73606406
118756175
123961311
124017158
110284407
43595054
82476625
97300729
66497891
127888958
107603347
92872658
91370861
76890011
121532456
88623200
113198075
58212103
33941123
75510178
49714284
119838496
61710434
103748480
133535587
23016084
78720942
93945766
133188930
76316886
42371539
56550258
122081625
115711952
46032508
108948515
54365109
95517640
101785535
74088450
86835117
84839599
105182525
76779291
77154943
61849398
88657588
94938055
72314510
54680566
117458512
91915904
80267978
68221789
123028582
97822240
136457301
115752755
121955270
101610168
135678176
72195300
119657574
131053344
36354121
117611622
109115018
40177892
77085799
95790186
71130036
88674838
119579706
104880838
47574217
90020766
50826673
58955139
51613047
130631672
29384413
81172789
72741510
137737238
83312163
72542248
60751029
36560815
113656837
118756175
124017158
44680693
110284407
97300729
127888958
33917299
107603347
121532456
103748480
133535587
78720942
93945766
133188930
122081625
120178238
86835117
84839599
76779291
74949300
5557751
63223503
88657588
113001534
72314510
63190306
115752755
90297478
26222098
77051666
24117813
40218493
76791337
44729829
4093705
79875671
36014393
46523975
63234703
31410893
49680000
116406153
31412003
46232553
6588892
35807284
96913110
50939110
53258521
53967209
56270690
30607439
26552876
27720440
26724287
62290677
93816930
71223277
48183189
91674513
44395708
27900081
33815405
63303836
50092472
100175137
71953754